5.343750000000000000e+01
1.027656250000000000e+02
5.793750000000000000e+01
1.337031250000000000e+02
6.806250000000000000e+01
1.547968750000000000e+02
7.706250000000000000e+01
1.716718750000000000e+02
8.606250000000000000e+01
1.885468750000000000e+02
9.956250000000000000e+01
2.012031250000000000e+02
1.130625000000000000e+02
2.110468750000000000e+02
1.288125000000000000e+02
2.166718750000000000e+02
1.445625000000000000e+02
2.152656250000000000e+02
1.524375000000000000e+02
2.096406250000000000e+02
1.580625000000000000e+02
1.983906250000000000e+02
1.569375000000000000e+02
1.843281250000000000e+02
1.603125000000000000e+02
1.632343750000000000e+02
1.614375000000000000e+02
1.562031250000000000e+02
1.636875000000000000e+02
1.379218750000000000e+02
1.659375000000000000e+02
1.266718750000000000e+02
1.681875000000000000e+02
1.196406250000000000e+02
8.831250000000000000e+01
1.097968750000000000e+02
9.618750000000000000e+01
1.027656250000000000e+02
1.057500000000000000e+02
1.126093750000000000e+02
1.130625000000000000e+02
1.133125000000000000e+02
1.220625000000000000e+02
1.168281250000000000e+02
1.395000000000000000e+02
1.126093750000000000e+02
1.440000000000000000e+02
1.097968750000000000e+02
1.462500000000000000e+02
1.090937500000000000e+02
1.586250000000000000e+02
1.097968750000000000e+02
1.693125000000000000e+02
1.126093750000000000e+02
1.344375000000000000e+02
1.252656250000000000e+02
1.378125000000000000e+02
1.351093750000000000e+02
1.366875000000000000e+02
1.463593750000000000e+02
1.603125000000000000e+02
1.604218750000000000e+02
1.344375000000000000e+02
1.632343750000000000e+02
1.434375000000000000e+02
1.646406250000000000e+02
1.490625000000000000e+02
1.646406250000000000e+02
1.524375000000000000e+02
1.646406250000000000e+02
1.558125000000000000e+02
1.646406250000000000e+02
9.506250000000000000e+01
1.126093750000000000e+02
1.029375000000000000e+02
1.224531250000000000e+02
1.130625000000000000e+02
1.224531250000000000e+02
1.164375000000000000e+02
1.252656250000000000e+02
1.119375000000000000e+02
1.252656250000000000e+02
1.006875000000000000e+02
1.182343750000000000e+02
1.411875000000000000e+02
1.196406250000000000e+02
1.456875000000000000e+02
1.168281250000000000e+02
1.648125000000000000e+02
1.168281250000000000e+02
1.648125000000000000e+02
1.196406250000000000e+02
1.558125000000000000e+02
1.238593750000000000e+02
1.479375000000000000e+02
1.224531250000000000e+02
1.231875000000000000e+02
1.871406250000000000e+02
1.344375000000000000e+02
1.815156250000000000e+02
1.479375000000000000e+02
1.815156250000000000e+02
1.524375000000000000e+02
1.815156250000000000e+02
1.546875000000000000e+02
1.815156250000000000e+02
1.569375000000000000e+02
1.843281250000000000e+02
1.558125000000000000e+02
1.885468750000000000e+02
1.569375000000000000e+02
1.941718750000000000e+02
1.535625000000000000e+02
1.983906250000000000e+02
1.501875000000000000e+02
1.997968750000000000e+02
1.389375000000000000e+02
1.969843750000000000e+02
1.288125000000000000e+02
1.913593750000000000e+02
1.243125000000000000e+02
1.871406250000000000e+02
1.378125000000000000e+02
1.857343750000000000e+02
1.513125000000000000e+02
1.857343750000000000e+02
1.535625000000000000e+02
1.885468750000000000e+02
1.558125000000000000e+02
1.899531250000000000e+02
1.546875000000000000e+02
1.913593750000000000e+02
1.513125000000000000e+02
1.927656250000000000e+02
1.355625000000000000e+02
1.871406250000000000e+02
